[1]
NAME = O
C06 = 0.04136
C12_1 = 0.995E-3
C12_2 = 1.100E-3
C12_3 = 0.0
CONST = TRUE
C06_NB = 0.04756
C12_NB = 0.8611E-3
MATRIX = 1 1 2 1 2 2 2 2 2 2 2 1 1 1 1 1 1 1 1 1 1 1 1 2 2 2 2 2 2 2 1 1 1 1 1 2 2 1 1 1 1 1 1 1 1 1 1 1 1 1 1 1 2 1 2 2 2 2 2 1 1 1 1 1 1 1 1 1 1 1 1 1 
eln = 1.0
hrd = 1.0
[2]
NAME = OM
C06 = 0.04756
C12_1 = 0.8611E-3
C12_2 = 1.841E-3
C12_3 = 3.068E-3
CONST = TRUE
C06_NB = 0.04756
C12_NB = 0.8611E-3
MATRIX = 1 1 2 1 2 2 2 3 2 3 3 1 1 1 1 1 1 1 1 1 1 1 1 3 3 3 3 3 3 3 1 1 1 1 1 2 3 1 1 1 1 1 1 1 1 1 1 1 1 1 1 1 2 3 3 3 3 3 3 1 1 1 1 1 1 1 1 1 1 1 1 1 
eln = 1.0
hrd = 1.0
[3]
NAME = OA
C06 = 0.04500
C12_1 = 1.150E-3
C12_2 = 1.350E-3
C12_3 = 0.0
CONST = TRUE
C06_NB = 0.04756
C12_NB = 1.125E-3
MATRIX = 2 2 2 2 2 2 2 2 2 2 2 1 1 1 1 1 1 1 1 1 1 1 1 2 2 2 2 2 2 2 1 2 2 2 1 2 2 2 1 1 1 1 1 2 1 1 2 1 1 2 1 2 2 1 2 2 2 2 2 2 2 2 2 2 1 1 1 1 1 1 1 1 
eln = 1.0
hrd = 1.0
[4]
NAME = OE
C06 = 0.04123
C12_1 = 1.529E-3
C12_2 = 1.529E-3
C12_3 = 0.0
CONST = TRUE
C06_NB = 0.04756
C12_NB = 1.125E-3
MATRIX = 1 1 2 1 2 2 2 2 2 2 2 1 1 1 1 1 1 1 1 1 1 1 1 2 2 2 2 2 2 2 1 1 1 1 1 2 2 1 1 1 1 1 1 1 1 1 1 1 1 1 1 1 2 1 2 2 2 2 2 1 1 1 1 1 1 1 1 1 1 1 1 1 
eln = 1.0
hrd = 1.0
[5]
NAME = OW
C06 = 0.05116
C12_1 = 1.623E-3
C12_2 = 1.623E-3
C12_3 = 0.0
CONST = TRUE
C06_NB = 0.05116
C12_NB = 1.623E-3
MATRIX = 2 2 2 2 2 2 2 2 2 2 2 1 1 1 1 1 1 1 1 1 1 1 1 2 2 2 2 2 2 2 1 2 2 2 1 2 2 2 1 1 1 1 1 2 1 1 2 1 1 2 1 2 2 1 2 2 2 2 2 2 2 2 2 2 1 1 1 1 1 1 1 1 
eln = 1.0
hrd = 1.0
[6]
NAME = N
C06 = 0.04800
C12_1 = 1.700E-3
C12_2 = 1.700E-3
C12_3 = 0.0
CONST = TRUE
C06_NB = 0.04936
C12_NB = 1.301E-3
MATRIX = 2 2 2 2 2 1 2 1 2 1 1 1 1 1 1 1 1 1 1 1 1 1 1 1 1 1 1 1 1 1 1 2 2 2 1 2 1 2 1 1 1 1 1 2 1 1 2 1 1 1 1 2 2 1 1 1 1 1 1 2 2 2 2 2 1 1 1 1 1 1 1 1 
eln = 1.0
hrd = 1.0
[7]
NAME = NT
C06 = 0.04975
C12_1 = 1.600E-3
C12_2 = 1.600E-3
C12_3 = 0.0
CONST = TRUE
C06_NB = 0.04936
C12_NB = 1.301E-3
MATRIX = 2 2 2 2 2 2 2 2 2 2 2 1 1 1 1 1 1 1 1 1 1 1 1 1 1 1 1 1 1 1 1 2 2 2 1 2 1 2 1 1 1 1 1 2 1 1 2 1 1 2 1 2 2 1 1 1 1 1 1 2 2 2 2 2 1 1 1 1 1 1 1 1 
eln = 1.0
hrd = 1.0
[8]
NAME = NL
C06 = 0.04936
C12_1 = 1.523E-3
C12_2 = 3.068E-3
C12_3 = 0.0
CONST = TRUE
C06_NB = 0.04936
C12_NB = 1.301E-3
MATRIX = 2 2 2 2 2 1 2 1 2 1 1 1 1 1 1 1 1 1 1 1 1 1 1 1 1 1 1 1 1 1 1 2 2 2 1 2 1 2 1 1 1 1 1 2 1 1 2 1 1 1 1 2 2 1 1 1 1 1 1 2 2 2 2 2 1 1 1 1 1 1 1 1 
eln = 1.0
hrd = 1.0
[9]
NAME = NR
C06 = 0.04936
C12_1 = 1.625E-3
C12_2 = 1.625E-3
C12_3 = 0.0
CONST = TRUE
C06_NB = 0.04936
C12_NB = 1.301E-3
MATRIX = 2 2 2 2 2 2 2 2 2 2 2 1 1 1 1 1 1 1 1 1 1 1 1 2 2 2 2 2 2 2 1 2 2 2 1 2 2 2 1 1 1 1 1 2 1 1 2 1 1 2 1 2 2 1 2 2 2 2 2 2 2 2 2 2 1 1 1 1 1 1 1 1 
eln = 1.0
hrd = 1.0
[10]
NAME = NZ
C06 = 0.04936
C12_1 = 1.523E-3
C12_2 = 2.148E-3
C12_3 = 0.0
CONST = TRUE
C06_NB = 0.04936
C12_NB = 1.301E-3
MATRIX = 2 2 2 2 2 1 2 1 2 1 1 1 1 1 1 1 1 1 1 1 1 1 1 1 1 1 1 1 1 1 1 2 2 2 1 2 1 2 1 1 1 1 1 2 1 1 2 1 1 1 1 2 2 1 1 1 1 1 1 2 2 2 2 2 1 1 1 1 1 1 1 1 
eln = 1.0
hrd = 1.0
[11]
NAME = NE
C06 = 0.04936
C12_1 = 1.523E-3
C12_2 = 1.984E-3
C12_3 = 0.0
CONST = TRUE
C06_NB = 0.04936
C12_NB = 1.301E-3
MATRIX = 2 2 2 2 2 1 2 1 2 1 1 1 1 1 1 1 1 1 1 1 1 1 1 1 1 1 1 1 1 1 1 2 2 2 1 2 1 2 1 1 1 1 1 2 1 1 2 1 1 1 1 2 2 1 1 1 1 1 1 2 2 2 2 2 1 1 1 1 1 1 1 1 
eln = 1.0
hrd = 1.0
[12]
NAME = C
C06 = 0.04838
C12_1 = 2.222E-3
C12_2 = 0.0
C12_3 = 0.0
CONST = TRUE
C06_NB = 0.04838
C12_NB = 1.837E-3
MATRIX = 1 1 1 1 1 1 1 1 1 1 1 1 1 1 1 1 1 1 1 1 1 1 1 1 1 1 1 1 1 1 1 1 1 1 1 1 1 1 1 1 1 1 1 1 1 1 1 1 1 1 1 1 1 1 1 1 1 1 1 1 1 1 1 1 1 1 1 1 1 1 1 1 
eln = 1.0
hrd = 1.0
[13]
NAME = CH0
C06 = 0.04896
C12_1 = 14.330E-3
C12_2 = 0.0
C12_3 = 0.0
CONST = TRUE
C06_NB = 0.04838
C12_NB = 1.837E-3
MATRIX = 1 1 1 1 1 1 1 1 1 1 1 1 1 1 1 1 1 1 1 1 1 1 1 1 1 1 1 1 1 1 1 1 1 1 1 1 1 1 1 1 1 1 1 1 1 1 1 1 1 1 1 1 1 1 1 1 1 1 1 1 1 1 1 1 1 1 1 1 1 1 1 1 
eln = 1.0
hrd = 1.0
[14]
NAME = CH1
C06 = 0.07790
C12_1 = 9.850E-3
C12_2 = 0.0
C12_3 = 0.0
CONST = TRUE
C06_NB = 0.05396
C12_NB = 1.933E-3
MATRIX = 1 1 1 1 1 1 1 1 1 1 1 1 1 1 1 1 1 1 1 1 1 1 1 1 1 1 1 1 1 1 1 1 1 1 1 1 1 1 1 1 1 1 1 1 1 1 1 1 1 1 1 1 1 1 1 1 1 1 1 1 1 1 1 1 1 1 1 1 1 1 1 1 
eln = 1.0
hrd = 1.0
[15]
NAME = CH2
C06 = 0.08642
C12_1 = 5.828E-3
C12_2 = 0.0
C12_3 = 0.0
CONST = TRUE
C06_NB = 0.06873
C12_NB = 2.1775964E-3
MATRIX = 1 1 1 1 1 1 1 1 1 1 1 1 1 1 1 1 1 1 1 1 1 1 1 1 1 1 1 1 1 1 1 1 1 1 1 1 1 1 1 1 1 1 1 1 1 1 1 1 1 1 1 1 1 1 1 1 1 1 1 1 1 1 1 1 1 1 1 1 1 1 1 1 
eln = 1.0
hrd = 1.0
[16]
NAME = CH3
C06 = 0.09805
C12_1 = 5.162E-3
C12_2 = 0.0
C12_3 = 0.0
CONST = TRUE
C06_NB = 0.08278
C12_NB = 2.455782E-3
MATRIX = 1 1 1 1 1 1 1 1 1 1 1 1 1 1 1 1 1 1 1 1 1 1 1 1 1 1 1 1 1 1 1 1 1 1 1 1 1 1 1 1 1 1 1 1 1 1 1 1 1 1 1 1 1 1 1 1 1 1 1 1 1 1 1 1 1 1 1 1 1 1 1 1 
eln = 1.0
hrd = 1.0
[17]
NAME = CH4
C06 = 0.1148
C12_1 = 5.862E-3
C12_2 = 0.0
C12_3 = 0.0
CONST = TRUE
C06_NB = 0.1148
C12_NB = 5.862E-3
MATRIX = 1 1 1 1 1 1 1 1 1 1 1 1 1 1 1 1 1 1 1 1 1 1 1 1 1 1 1 1 1 1 1 1 1 1 1 1 1 1 1 1 1 1 1 1 1 1 1 1 1 1 1 1 1 1 1 1 1 1 1 1 1 1 1 1 1 1 1 1 1 1 1 1 
eln = 1.0
hrd = 1.0
[18]
NAME = CH2r
C06 = 0.08564
C12_1 = 5.297E-3
C12_2 = 0.0
C12_3 = 0.0
CONST = TRUE
C06_NB = 0.06873
C12_NB = 1.36E-3
MATRIX = 1 1 1 1 1 1 1 1 1 1 1 1 1 1 1 1 1 1 1 1 1 1 1 1 1 1 1 1 1 1 1 1 1 1 1 1 1 1 1 1 1 1 1 1 1 1 1 1 1 1 1 1 1 1 1 1 1 1 1 1 1 1 1 1 1 1 1 1 1 1 1 1 
eln = 1.0
hrd = 1.0
[19]
NAME = CR1
C06 = 0.07425
C12_1 = 3.888E-3
C12_2 = 0.0
C12_3 = 0.0
CONST = TRUE
C06_NB = 0.07435
C12_NB = 2.886E-3
MATRIX = 1 1 1 1 1 1 1 1 1 1 1 1 1 1 1 1 1 1 1 1 1 1 1 1 1 1 1 1 1 1 1 1 1 1 1 1 1 1 1 1 1 1 1 1 1 1 1 1 1 1 1 1 1 1 1 1 1 1 1 1 1 1 1 1 1 1 1 1 1 1 1 1 
eln = 1.0
hrd = 1.0
[20]
NAME = HC
C06 = 0.0092
C12_1 = 0.123E-3
C12_2 = 0.0
C12_3 = 0.0
CONST = TRUE
C06_NB = 0.0092
C12_NB = 0.123E-3
MATRIX = 1 1 1 1 1 1 1 1 1 1 1 1 1 1 1 1 1 1 1 1 1 1 1 1 1 1 1 1 1 1 1 1 1 1 1 1 1 1 1 1 1 1 1 1 1 1 1 1 1 1 1 1 1 1 1 1 1 1 1 1 1 1 1 1 1 1 1 1 1 1 1 1 
eln = 1.0
hrd = 1.0
[21]
NAME = H
C06 = 0.0
C12_1 = 0.0
C12_2 = 0.0
C12_3 = 0.0
CONST = TRUE
C06_NB = 0.0
C12_NB = 0.0
MATRIX = 1 1 1 1 1 1 1 1 1 1 1 1 1 1 1 1 1 1 1 1 1 1 1 1 1 1 1 1 1 1 1 1 1 1 1 1 1 1 1 1 1 1 1 1 1 1 1 1 1 1 1 1 1 1 1 1 1 1 1 1 1 1 1 1 1 1 1 1 1 1 1 1 
eln = 1.0
hrd = 1.0
[22]
NAME = DUM
C06 = 0.0
C12_1 = 0.0
C12_2 = 0.0
C12_3 = 0.0
CONST = TRUE
C06_NB = 0.0
C12_NB = 0.0
MATRIX = 1 1 1 1 1 1 1 1 1 1 1 1 1 1 1 1 1 1 1 1 1 1 1 1 1 1 1 1 1 1 1 1 1 1 1 1 1 1 1 1 1 1 1 1 1 1 1 1 1 1 1 1 1 1 1 1 1 1 1 1 1 1 1 1 1 1 1 1 1 1 1 1 
eln = 1.0
hrd = 1.0
[23]
NAME = S
C06 = 0.10850
C12_1 = 4.300E-3
C12_2 = 0.0
C12_3 = 0.0
CONST = TRUE
C06_NB = 0.09992
C12_NB = 3.616E-3
MATRIX = 1 1 1 1 1 1 1 1 1 1 1 1 1 1 1 1 1 1 1 1 1 1 1 1 1 1 1 1 1 1 1 1 1 1 1 1 1 1 1 1 1 1 1 1 1 1 1 1 1 1 1 1 1 1 1 1 1 1 1 1 1 1 1 1 1 1 1 1 1 1 1 1 
eln = 1.0
hrd = 1.0
[24]
NAME = CU1+
C06 = 0.02045
C12_1 = 0.07159E-3
C12_2 = 0.2250E-3
C12_3 = 0.0
CONST = TRUE
C06_NB = 0.02045
C12_NB = 0.07159E-3
MATRIX = 2 2 2 2 2 1 1 1 2 1 1 1 1 1 1 1 1 1 1 1 1 1 1 1 1 1 1 1 1 1 1 2 2 2 1 2 1 2 1 1 1 1 1 2 1 1 2 1 1 1 1 2 1 1 1 1 1 1 1 2 2 2 2 2 1 1 1 1 1 1 1 1 
eln = 1.0
hrd = 1.0
[25]
NAME = CU2+
C06 = 0.02045
C12_1 = 0.07159E-3
C12_2 = 0.4091E-3
C12_3 = 0.0
CONST = TRUE
C06_NB = 0.02045
C12_NB = 0.07159E-3
MATRIX = 2 2 2 2 2 1 1 1 2 1 1 1 1 1 1 1 1 1 1 1 1 1 1 1 1 1 1 1 1 1 1 2 2 2 1 2 1 2 1 1 1 1 1 2 1 1 2 1 1 1 1 2 1 1 1 1 1 1 1 2 2 2 2 2 1 1 1 1 1 1 1 1 
eln = 1.0
hrd = 1.0
[26]
NAME = FE
C06 = 0.0
C12_1 = 0.0
C12_2 = 0.0
C12_3 = 0.0
CONST = TRUE
C06_NB = 0.0
C12_NB = 0.0
MATRIX = 2 2 2 2 2 1 1 1 2 1 1 1 1 1 1 1 1 1 1 1 1 1 1 1 1 1 1 1 1 1 1 2 2 2 1 2 1 2 1 1 1 1 1 2 1 1 2 1 1 1 1 2 1 1 1 1 1 1 1 2 2 2 2 2 1 1 1 1 1 1 1 1 
eln = 1.0
hrd = 1.0
[27]
NAME = ZN2+
C06 = 0.02045
C12_1 = 0.09716E-3
C12_2 = 0.09716E-3
C12_3 = 0.0
CONST = TRUE
C06_NB = 0.02045
C12_NB = 0.09716E-3
MATRIX = 2 2 2 2 2 1 1 1 2 1 1 1 1 1 1 1 1 1 1 1 1 1 1 1 1 1 1 1 1 1 1 2 2 2 1 2 1 2 1 1 1 1 1 2 1 1 2 1 1 1 1 2 1 1 1 1 1 1 1 2 2 2 2 2 1 1 1 1 1 1 1 1 
eln = 1.0
hrd = 1.0
[28]
NAME = MG2+
C06 = 0.008080
C12_1 = 0.05838E-3
C12_2 = 0.05838E-3
C12_3 = 0.0
CONST = TRUE
C06_NB = 0.008080
C12_NB = 0.05838E-3
MATRIX = 2 2 2 2 2 1 1 1 2 1 1 1 1 1 1 1 1 1 1 1 1 1 1 1 1 1 1 1 1 1 1 2 2 2 1 2 1 2 1 1 1 1 1 2 1 1 2 1 1 1 1 2 1 1 1 1 1 1 1 2 2 2 2 2 1 1 1 1 1 1 1 1 
eln = 1.0
hrd = 1.0
[29]
NAME = CA2+
C06 = 0.03170
C12_1 = 0.7057E-3
C12_2 = 0.7057E-3
C12_3 = 0.0
CONST = TRUE
C06_NB = 0.03170
C12_NB = 0.7057E-3
MATRIX = 2 2 2 2 2 1 1 1 2 1 1 1 1 1 1 1 1 1 1 1 1 1 1 1 1 1 1 1 1 1 1 2 2 2 1 2 1 2 1 1 1 1 1 2 1 1 2 1 1 1 1 2 1 1 1 1 1 1 1 2 2 2 2 2 1 1 1 1 1 1 1 1 
eln = 1.0
hrd = 1.0
[30]
NAME = P,SI
C06 = 0.1214
C12_1 = 4.711E-3
C12_2 = 4.711E-3
C12_3 = 0.0
CONST = TRUE
C06_NB = 0.1214
C12_NB = 4.711E-3
MATRIX = 1 1 1 1 1 1 1 1 1 1 1 1 1 1 1 1 1 1 1 1 1 1 1 1 1 1 1 1 1 1 1 1 1 1 1 1 1 1 1 1 1 1 1 1 1 1 1 1 1 1 1 1 1 1 1 1 1 1 1 1 1 1 1 1 1 1 1 1 1 1 1 1 
eln = 1.0
hrd = 1.0
[31]
NAME = AR
C06 = 0.07915
C12_1 = 3.138E-3
C12_2 = 0.0
C12_3 = 0.0
CONST = TRUE
C06_NB = 0.07915
C12_NB = 3.138E-3
MATRIX = 1 1 1 1 1 1 1 1 1 1 1 1 1 1 1 1 1 1 1 1 1 1 1 1 1 1 1 1 1 1 1 1 1 1 1 1 1 1 1 1 1 1 1 1 1 1 1 1 1 1 1 1 1 1 1 1 1 1 1 1 1 1 1 1 1 1 1 1 1 1 1 1 
eln = 1.0
hrd = 1.0
[32]
NAME = F
C06 = 0.03432
C12_1 = 0.8722E-3
C12_2 = 1.227E-3
C12_3 = 0.0
CONST = TRUE
C06_NB = 0.03432
C12_NB = 0.8722E-3
MATRIX = 1 1 2 1 2 2 2 2 2 2 2 1 1 1 1 1 1 1 1 1 1 1 1 2 2 2 2 2 2 2 1 1 1 1 1 2 2 1 1 1 1 1 1 1 1 1 1 1 1 1 1 1 2 1 2 2 2 2 2 1 1 1 1 1 1 1 1 1 1 1 1 1 
eln = 1.0
hrd = 1.0
[33]
NAME = CL
C06 = 0.09362
C12_1 = 3.911E-3
C12_2 = 0.0
C12_3 = 0.0
CONST = TRUE
C06_NB = 0.09362
C12_NB = 3.911E-3
MATRIX = 1 1 1 1 1 1 1 1 1 1 1 1 1 1 1 1 1 1 1 1 1 1 1 1 1 1 1 1 1 1 1 1 1 1 1 1 1 1 1 1 1 1 1 1 1 1 1 1 1 1 1 1 1 1 1 1 1 1 1 1 1 1 1 1 1 1 1 1 1 1 1 1 
eln = 1.0
hrd = 1.0
[34]
NAME = BR
C06 = 0.16630
C12_1 = 8.092E-3
C12_2 = 0.0
C12_3 = 0.0
CONST = TRUE
C06_NB = 0.16630
C12_NB = 8.092E-3
MATRIX = 1 1 1 1 1 1 1 1 1 1 1 1 1 1 1 1 1 1 1 1 1 1 1 1 1 1 1 1 1 1 1 1 1 1 1 1 1 1 1 1 1 1 1 1 1 1 1 1 1 1 1 1 1 1 1 1 1 1 1 1 1 1 1 1 1 1 1 1 1 1 1 1 
eln = 1.0
hrd = 1.0
[35]
NAME = CMet
C06 = 0.09421
C12_1 = 4.400E-3
C12_2 = 0.0
C12_3 = 0.0
CONST = TRUE
C06_NB = 0.09421
C12_NB = 4.400E-3
MATRIX = 1 1 1 1 1 1 1 1 1 1 1 1 1 1 1 1 1 1 1 1 1 1 1 1 1 1 1 1 1 1 1 1 1 1 1 1 1 1 1 1 1 1 1 1 1 1 1 1 1 1 1 1 1 1 1 1 1 1 1 1 1 1 1 1 1 1 1 1 1 1 1 1 
eln = 1.0
hrd = 1.0
[36]
NAME = OMet
C06 = 0.04756
C12_1 = 1.525E-3
C12_2 = 1.525E-3
C12_3 = 0.0
CONST = TRUE
C06_NB = 0.04756
C12_NB = 1.525E-3
MATRIX = 2 2 2 2 2 2 2 2 2 2 2 1 1 1 1 1 1 1 1 1 1 1 1 2 2 2 2 2 2 2 1 2 2 2 1 2 2 2 1 1 1 1 1 2 1 1 2 1 1 2 1 2 2 1 2 2 2 2 2 2 2 2 2 2 1 1 1 1 1 1 1 1 
eln = 1.0
hrd = 1.0
[37]
NAME = NA+
C06 = 0.008489
C12_1 = 0.1450E-3
C12_2 = 0.1450E-3
C12_3 = 0.0
CONST = TRUE
C06_NB = 0.008489
C12_NB = 0.1450E-3
MATRIX = 2 2 2 2 2 1 1 1 2 1 1 1 1 1 1 1 1 1 1 1 1 1 1 1 1 1 1 1 1 1 1 2 2 2 1 2 1 2 1 1 1 1 1 2 1 1 2 1 1 1 1 2 1 1 1 1 1 1 1 2 2 2 2 2 1 1 1 1 1 1 1 1 
eln = 1.0
hrd = 1.0
[38]
NAME = CL-
C06 = 0.1175
C12_1 = 10.340E-3
C12_2 = 10.340E-3
C12_3 = 10.340E-3
CONST = TRUE
C06_NB = 0.1175
C12_NB = 10.340E-3
MATRIX = 1 1 2 1 2 2 2 3 2 3 3 1 1 1 1 1 1 1 1 1 1 1 1 3 3 3 3 3 3 3 1 1 1 1 1 2 3 1 1 1 1 1 1 1 1 1 1 1 1 1 1 1 2 1 3 3 3 3 3 1 1 1 1 1 1 1 1 1 1 1 1 1 
eln = 1.0
hrd = 1.0
[39]
NAME = CChl
C06 = 0.051292
C12_1 = 2.0160E-3
C12_2 = 0.0
C12_3 = 0.0
CONST = TRUE
C06_NB = 0.051292
C12_NB = 2.0160E-3
MATRIX = 1 1 1 1 1 1 1 1 1 1 1 1 1 1 1 1 1 1 1 1 1 1 1 1 1 1 1 1 1 1 1 1 1 1 1 1 1 1 1 1 1 1 1 1 1 1 1 1 1 1 1 1 1 1 1 1 1 1 1 1 1 1 1 1 1 1 1 1 1 1 1 1 
eln = 1.0
hrd = 1.0
[40]
NAME = CLChl
C06 = 0.091141
C12_1 = 3.7101E-3
C12_2 = 0.0
C12_3 = 0.0
CONST = TRUE
C06_NB = 0.091141
C12_NB = 3.7101E-3
MATRIX = 1 1 1 1 1 1 1 1 1 1 1 1 1 1 1 1 1 1 1 1 1 1 1 1 1 1 1 1 1 1 1 1 1 1 1 1 1 1 1 1 1 1 1 1 1 1 1 1 1 1 1 1 1 1 1 1 1 1 1 1 1 1 1 1 1 1 1 1 1 1 1 1 
eln = 1.0
hrd = 1.0
[41]
NAME = HChl
C06 = 0.00614
C12_1 = 0.065574E-3
C12_2 = 0.0
C12_3 = 0.0
CONST = TRUE
C06_NB = 0.00614
C12_NB = 0.065574E-3
MATRIX = 1 1 1 1 1 1 1 1 1 1 1 1 1 1 1 1 1 1 1 1 1 1 1 1 1 1 1 1 1 1 1 1 1 1 1 1 1 1 1 1 1 1 1 1 1 1 1 1 1 1 1 1 1 1 1 1 1 1 1 1 1 1 1 1 1 1 1 1 1 1 1 1 
eln = 1.0
hrd = 1.0
[42]
NAME = SDmso
C06 = 0.10277
C12_1 = 4.6366E-3
C12_2 = 0.0
C12_3 = 0.0
CONST = TRUE
C06_NB = 0.10277
C12_NB = 4.6366E-3
MATRIX = 1 1 1 1 1 1 1 1 1 1 1 1 1 1 1 1 1 1 1 1 1 1 1 1 1 1 1 1 1 1 1 1 1 1 1 1 1 1 1 1 1 1 1 1 1 1 1 1 1 1 1 1 1 1 1 1 1 1 1 1 1 1 1 1 1 1 1 1 1 1 1 1 
eln = 1.0
hrd = 1.0
[43]
NAME = CDmso
C06 = 0.09805
C12_1 = 5.1620E-3
C12_2 = 0.0
C12_3 = 0.0
CONST = TRUE
C06_NB = 0.09805
C12_NB = 5.1620E-3
MATRIX = 1 1 1 1 1 1 1 1 1 1 1 1 1 1 1 1 1 1 1 1 1 1 1 1 1 1 1 1 1 1 1 1 1 1 1 1 1 1 1 1 1 1 1 1 1 1 1 1 1 1 1 1 1 1 1 1 1 1 1 1 1 1 1 1 1 1 1 1 1 1 1 1 
eln = 1.0
hrd = 1.0
[44]
NAME = ODmso
C06 = 0.047652
C12_1 = 0.86686E-3
C12_2 = 1.125E-3
C12_3 = 0.0
CONST = TRUE
C06_NB = 0.047652
C12_NB = 0.86686E-3
MATRIX = 1 1 2 1 2 2 2 2 2 2 2 1 1 1 1 1 1 1 1 1 1 1 1 2 2 2 2 2 2 2 1 1 1 1 1 2 2 1 1 1 1 1 1 1 1 1 1 1 1 2 1 1 2 1 2 2 2 2 2 1 1 1 1 1 1 1 1 1 1 1 1 1 
eln = 1.0
hrd = 1.0
[45]
NAME = CCl4
C06 = 0.051292
C12_1 = 2.7568E-3
C12_2 = 0.0
C12_3 = 0.0
CONST = TRUE
C06_NB = 0.051292
C12_NB = 2.7568E-3
MATRIX = 1 1 1 1 1 1 1 1 1 1 1 1 1 1 1 1 1 1 1 1 1 1 1 1 1 1 1 1 1 1 1 1 1 1 1 1 1 1 1 1 1 1 1 1 1 1 1 1 1 1 1 1 1 1 1 1 1 1 1 1 1 1 1 1 1 1 1 1 1 1 1 1 
eln = 1.0
hrd = 1.0
[46]
NAME = CLCl4
C06 = 0.087201
C12_1 = 3.5732E-3
C12_2 = 0.0
C12_3 = 0.0
CONST = TRUE
C06_NB = 0.087201
C12_NB = 3.5732E-3
MATRIX = 1 1 1 1 1 1 1 1 1 1 1 1 1 1 1 1 1 1 1 1 1 1 1 1 1 1 1 1 1 1 1 1 1 1 1 1 1 1 1 1 1 1 1 1 1 1 1 1 1 1 1 1 1 1 1 1 1 1 1 1 1 1 1 1 1 1 1 1 1 1 1 1 
eln = 1.0
hrd = 1.0
[47]
NAME = FTFE
C06 = 0.03432
C12_1 = 1.000E-3
C12_2 = 1.000E-3
C12_3 = 0.0
CONST = TRUE
C06_NB = 0.03432
C12_NB = 1.000E-3
MATRIX = 1 1 2 1 2 2 2 2 2 2 2 1 1 1 1 1 1 1 1 1 1 1 1 2 2 2 2 2 2 2 1 1 1 1 1 2 2 1 1 1 1 1 1 1 1 1 1 1 1 1 1 1 2 1 2 2 2 2 2 1 1 1 1 1 1 1 1 1 1 1 1 1 
eln = 1.0
hrd = 1.0
[48]
NAME = CTFE
C06 = 0.04838
C12_1 = 1.837E-3
C12_2 = 0.0
C12_3 = 0.0
CONST = TRUE
C06_NB = 0.04838
C12_NB = 1.837E-3
MATRIX = 1 1 1 1 1 1 1 1 1 1 1 1 1 1 1 1 1 1 1 1 1 1 1 1 1 1 1 1 1 1 1 1 1 1 1 1 1 1 1 1 1 1 1 1 1 1 1 1 1 1 1 1 1 1 1 1 1 1 1 1 1 1 1 1 1 1 1 1 1 1 1 1 
eln = 1.0
hrd = 1.0
[49]
NAME = CHTFE
C06 = 0.08429
C12_1 = 5.077E-3
C12_2 = 0.0
C12_3 = 0.0
CONST = TRUE
C06_NB = 0.08429
C12_NB = 5.077E-3
MATRIX = 1 1 1 1 1 1 1 1 1 1 1 1 1 1 1 1 1 1 1 1 1 1 1 1 1 1 1 1 1 1 1 1 1 1 1 1 1 1 1 1 1 1 1 1 1 1 1 1 1 1 1 1 1 1 1 1 1 1 1 1 1 1 1 1 1 1 1 1 1 1 1 1 
eln = 1.0
hrd = 1.0
[50]
NAME = OTFE
C06 = 0.04756
C12_1 = 1.227E-3
C12_2 = 1.227E-3
C12_3 = 0.0
CONST = TRUE
C06_NB = 0.04756
C12_NB = 1.227E-3
MATRIX = 1 1 2 1 2 1 2 1 2 1 1 1 1 1 1 1 1 1 1 1 1 1 1 1 1 1 1 1 1 1 1 1 1 1 1 2 1 1 1 1 1 1 1 2 1 1 1 1 1 2 1 2 2 1 1 1 1 1 1 1 1 1 1 1 1 1 1 1 1 1 1 1 
eln = 1.0
hrd = 1.0
[51]
NAME = CUrea
C06 = 0.069906
C12_1 = 3.6864E-3
C12_2 = 0.0
C12_3 = 0.0
CONST = TRUE
C06_NB = 0.069906
C12_NB = 3.6864E-3
MATRIX = 1 1 1 1 1 1 1 1 1 1 1 1 1 1 1 1 1 1 1 1 1 1 1 1 1 1 1 1 1 1 1 1 1 1 1 1 1 1 1 1 1 1 1 1 1 1 1 1 1 1 1 1 1 1 1 1 1 1 1 1 1 1 1 1 1 1 1 1 1 1 1 1 
eln = 1.0
hrd = 1.0
[52]
NAME = OUrea
C06 = 0.04862
C12_1 = 1.2609E-3
C12_2 = 1.2609E-3
C12_3 = 0.0
CONST = TRUE
C06_NB = 0.04862
C12_NB = 1.2609E-3
MATRIX = 1 1 2 1 2 2 2 2 2 2 2 1 1 1 1 1 1 1 1 1 1 1 1 2 2 2 2 2 2 2 1 1 1 1 1 2 2 1 1 1 1 1 1 1 1 1 1 1 1 2 1 1 2 1 2 2 2 2 2 1 1 1 1 1 1 1 1 1 1 1 1 1 
eln = 1.0
hrd = 1.0
[53]
NAME = NUrea
C06 = 0.057903
C12_1 = 1.9877E-3
C12_2 = 1.9877E-3
C12_3 = 0.0
CONST = TRUE
C06_NB = 0.057903
C12_NB = 1.9877E-3
MATRIX = 2 2 2 2 2 2 2 2 2 2 2 1 1 1 1 1 1 1 1 1 1 1 1 1 1 1 1 1 1 1 1 2 2 2 1 2 1 2 1 1 1 1 1 2 1 1 2 1 1 2 1 2 2 1 1 1 1 1 1 2 2 2 2 2 1 1 1 1 1 1 1 1 
eln = 1.0
hrd = 1.0
[54]
NAME = CH3p
C06 = 0.09805
C12_1 = 5.162E-3
C12_2 = 0.0
C12_3 = 0.0
CONST = TRUE
C06_NB = 0.08278
C12_NB = 2.455782E-3
MATRIX = 1 1 1 1 1 1 1 1 1 1 1 1 1 1 1 1 1 1 1 1 1 1 1 1 1 1 1 1 1 1 1 1 1 1 1 1 1 1 1 1 1 1 1 1 1 1 1 1 1 1 1 1 1 1 1 1 1 1 1 1 1 1 1 1 1 1 1 1 1 1 1 1 
eln = 1.0
hrd = 1.0
[55]
NAME = LLI+
C06 = 0.0022615
C12_1 = 0.0375E-3
C12_2 = 0.0375E-3
C12_3 = 0.0
CONST = TRUE
C06_NB = 0.0022615
C12_NB = 0.0375E-3
MATRIX = 2 2 2 2 2 1 1 1 2 1 1 1 1 1 1 1 1 1 1 1 1 1 1 1 1 1 1 1 1 1 1 2 2 2 1 2 1 2 1 1 1 1 1 2 1 1 2 1 1 1 1 2 1 1 1 1 1 1 1 2 2 2 2 2 1 1 1 1 1 1 1 1 
eln = 1.0
hrd = 1.0
[56]
NAME = LNA+
C06 = 0.0088792
C12_1 = 0.2700E-3
C12_2 = 0.2700E-3
C12_3 = 0.0
CONST = TRUE
C06_NB = 0.0088792
C12_NB = 0.2700E-3
MATRIX = 2 2 2 2 2 1 1 1 2 1 1 1 1 1 1 1 1 1 1 1 1 1 1 1 1 1 1 1 1 1 1 2 2 2 1 2 1 2 1 1 1 1 1 2 1 1 2 1 1 1 1 2 1 1 1 1 1 1 1 2 2 2 2 2 1 1 1 1 1 1 1 1 
eln = 1.0
hrd = 1.0
[57]
NAME = LK+
C06 = 0.0360004
C12_1 = 1.3660E-3
C12_2 = 1.3660E-3
C12_3 = 0.0
CONST = TRUE
C06_NB = 0.0360004
C12_NB = 1.3660E-3
MATRIX = 2 2 2 2 2 1 1 1 2 1 1 1 1 1 1 1 1 1 1 1 1 1 1 1 1 1 1 1 1 1 1 2 2 2 1 2 1 2 1 1 1 1 1 2 1 1 2 1 1 1 1 2 1 1 1 1 1 1 1 2 2 2 2 2 1 1 1 1 1 1 1 1 
eln = 1.0
hrd = 1.0
[58]
NAME = LRB+
C06 = 0.0556417
C12_1 = 2.5336E-3
C12_2 = 2.5336E-3
C12_3 = 0.0
CONST = TRUE
C06_NB = 0.0556417
C12_NB = 2.5336E-3
MATRIX = 2 2 2 2 2 1 1 1 2 1 1 1 1 1 1 1 1 1 1 1 1 1 1 1 1 1 1 1 1 1 1 2 2 2 1 2 1 2 1 1 1 1 1 2 1 1 2 1 1 1 1 2 1 1 1 1 1 1 1 2 2 2 2 2 1 1 1 1 1 1 1 1 
eln = 1.0
hrd = 1.0
[59]
NAME = LCS+
C06 = 0.0890858
C12_1 = 5.1694E-3
C12_2 = 5.1694E-3
C12_3 = 0.0
CONST = TRUE
C06_NB = 0.0890858
C12_NB = 5.1694E-3
MATRIX = 2 2 2 2 2 1 1 1 2 1 1 1 1 1 1 1 1 1 1 1 1 1 1 1 1 1 1 1 1 1 1 2 2 2 1 2 1 2 1 1 1 1 1 2 1 1 2 1 1 1 1 2 1 1 1 1 1 1 1 2 2 2 2 2 1 1 1 1 1 1 1 1 
eln = 1.0
hrd = 1.0
[60]
NAME = LF-
C06 = 0.0453325
C12_1 = 1.5847E-3
C12_2 = 1.5847E-3
C12_3 = 1.5847E-3
CONST = TRUE
C06_NB = 0.0453325
C12_NB = 1.5847E-3
MATRIX = 1 1 2 1 2 2 2 3 2 3 3 1 1 1 1 1 1 1 1 1 1 1 1 3 3 3 3 3 3 3 1 1 1 1 1 2 3 1 1 1 1 1 1 1 1 1 1 1 1 1 1 1 2 1 3 3 3 3 3 1 1 1 1 1 1 1 1 1 1 1 1 1 
eln = 1.0
hrd = 1.0
[61]
NAME = LCL-
C06 = 0.11318
C12_1 = 7.776E-3
C12_2 = 7.776E-3
C12_3 = 7.776E-3
CONST = TRUE
C06_NB = 0.11318
C12_NB = 7.776E-3
MATRIX = 1 1 2 1 2 2 2 3 2 3 3 1 1 1 1 1 1 1 1 1 1 1 1 3 3 3 3 3 3 3 1 1 1 1 1 2 3 1 1 1 1 1 1 1 1 1 1 1 1 1 1 1 2 1 3 3 3 3 3 1 1 1 1 1 1 1 1 1 1 1 1 1 
eln = 1.0
hrd = 1.0
[62]
NAME = LBR-
C06 = 0.1500659
C12_1 = 12.3105E-3
C12_2 = 12.3105E-3
C12_3 = 12.3105E-3
CONST = TRUE
C06_NB = 0.1500659
C12_NB = 12.3105E-3
MATRIX = 1 1 2 1 2 2 2 3 2 3 3 1 1 1 1 1 1 1 1 1 1 1 1 3 3 3 3 3 3 3 1 1 1 1 1 2 3 1 1 1 1 1 1 1 1 1 1 1 1 1 1 1 2 1 3 3 3 3 3 1 1 1 1 1 1 1 1 1 1 1 1 1 
eln = 1.0
hrd = 1.0
[63]
NAME = LI-
C06 = 0.2108366
C12_1 = 23.7246E-3
C12_2 = 23.7246E-3
C12_3 = 23.7246E-3
CONST = TRUE
C06_NB = 0.2108366
C12_NB = 23.7246E-3
MATRIX = 1 1 2 1 2 2 2 3 2 3 3 1 1 1 1 1 1 1 1 1 1 1 1 3 3 3 3 3 3 3 1 1 1 1 1 2 3 1 1 1 1 1 1 1 1 1 1 1 1 1 1 1 2 1 3 3 3 3 3 1 1 1 1 1 1 1 1 1 1 1 1 1 
eln = 1.0
hrd = 1.0
[64]
NAME = Or
C06 = 0.04756
C12_1 = 1.100E-3
C12_2 = 1.227E-3
C12_3 = 0.0
CONST = TRUE
C06_NB = 0.04756
C12_NB = 0.685E-3
MATRIX = 1 1 2 1 2 2 2 2 2 2 2 1 1 1 1 1 1 1 1 1 1 1 1 2 2 2 2 2 2 2 1 1 1 1 1 2 2 1 1 1 1 1 1 1 1 1 1 1 1 1 1 1 2 1 2 2 2 2 2 1 1 1 1 1 1 1 1 1 1 1 1 1 
eln = 1.0
hrd = 1.0
[65]
NAME = CH0r
C06 = 0.04896
C12_1 = 14.330E-3
C12_2 = 0.0
C12_3 = 0.0
CONST = TRUE
C06_NB = 0.06873
C12_NB = 1.36E-3
MATRIX = 1 1 1 1 1 1 1 1 1 1 1 1 1 1 1 1 1 1 1 1 1 1 1 1 1 1 1 1 1 1 1 1 1 1 1 1 1 1 1 1 1 1 1 1 1 1 1 1 1 1 1 1 1 1 1 1 1 1 1 1 1 1 1 1 1 1 1 1 1 1 1 1 
eln = 1.0
hrd = 1.0
[66]
NAME = CH1r
C06 = 0.07790
C12_1 = 9.850E-3
C12_2 = 0.0
C12_3 = 0.0
CONST = TRUE
C06_NB = 0.06873
C12_NB = 1.36E-3
MATRIX = 1 1 1 1 1 1 1 1 1 1 1 1 1 1 1 1 1 1 1 1 1 1 1 1 1 1 1 1 1 1 1 1 1 1 1 1 1 1 1 1 1 1 1 1 1 1 1 1 1 1 1 1 1 1 1 1 1 1 1 1 1 1 1 1 1 1 1 1 1 1 1 1 
eln = 1.0
hrd = 1.0
[67]
NAME = I
C06 = 1.554000E-01
C12_1 = 7.613000E-03
C12_2 = 0.0
C12_3 = 0.0
CONST = TRUE
C06_NB = 1.900000E-01
C12_NB = 9.000000E-03
MATRIX = 1 1 1 1 1 1 1 1 1 1 1 1 1 1 1 1 1 1 1 1 1 1 1 1 1 1 1 1 1 1 1 1 1 1 1 1 1 1 1 1 1 1 1 1 1 1 1 1 1 1 1 1 1 1 1 1 1 1 1 1 1 1 1 1 1 1 1 1 1 1 1 1 
eln = 1.0
hrd = 1.0
[68]
NAME = CX
C06 = 5.129200E-02
C12_1 = 1.800000E-03
C12_2 = 0.0
C12_3 = 0.0
CONST = TRUE
C06_NB = 5.129200E-02
C12_NB = 1.800000E-03
MATRIX = 1 1 1 1 1 1 1 1 1 1 1 1 1 1 1 1 1 1 1 1 1 1 1 1 1 1 1 1 1 1 1 1 1 1 1 1 1 1 1 1 1 1 1 1 1 1 1 1 1 1 1 1 1 1 1 1 1 1 1 1 1 1 1 1 1 1 1 1 1 1 1 1 
eln = 1.0
hrd = 1.0
[69]
NAME = CX2
C06 = 5.129200E-02
C12_1 = 1.900000E-03
C12_2 = 0.0
C12_3 = 0.0
CONST = TRUE
C06_NB = 5.129200E-02
C12_NB = 1.900000E-03
MATRIX = 1 1 1 1 1 1 1 1 1 1 1 1 1 1 1 1 1 1 1 1 1 1 1 1 1 1 1 1 1 1 1 1 1 1 1 1 1 1 1 1 1 1 1 1 1 1 1 1 1 1 1 1 1 1 1 1 1 1 1 1 1 1 1 1 1 1 1 1 1 1 1 1 
eln = 1.0
hrd = 1.0
[70]
NAME = CAX1
C06 = 3.078384e-02
C12_1 = 6.823042E-04
C12_2 = 0.0
C12_3 = 0.0
CONST = TRUE
C06_NB = 3.078384E-02
C12_NB = 6.823042E-04
MATRIX = 1 1 1 1 1 1 1 1 1 1 1 1 1 1 1 1 1 1 1 1 1 1 1 1 1 1 1 1 1 1 1 1 1 1 1 1 1 1 1 1 1 1 1 1 1 1 1 1 1 1 1 1 1 1 1 1 1 1 1 1 1 1 1 1 1 1 1 1 1 1 1 1 
eln = 1.0
hrd = 1.0
[71]
NAME = CAX2
C06 = 3.832851E-02
C12_1 = 1.060958E-03
C12_2 = 0.0
C12_3 = 0.0
CONST = TRUE
C06_NB = 3.832851E-02
C12_NB = 1.060958E-03
MATRIX = 1 1 1 1 1 1 1 1 1 1 1 1 1 1 1 1 1 1 1 1 1 1 1 1 1 1 1 1 1 1 1 1 1 1 1 1 1 1 1 1 1 1 1 1 1 1 1 1 1 1 1 1 1 1 1 1 1 1 1 1 1 1 1 1 1 1 1 1 1 1 1 1 
eln = 1.0
hrd = 1.0
[72]
NAME = CAX3
C06 = 5.129200E-02
C12_1 = 2.010000E-03
C12_2 = 0.0
C12_3 = 0.0
CONST = TRUE
C06_NB = 5.129200E-02
C12_NB = 2.010000E-03
MATRIX = 1 1 1 1 1 1 1 1 1 1 1 1 1 1 1 1 1 1 1 1 1 1 1 1 1 1 1 1 1 1 1 1 1 1 1 1 1 1 1 1 1 1 1 1 1 1 1 1 1 1 1 1 1 1 1 1 1 1 1 1 1 1 1 1 1 1 1 1 1 1 1 1 
eln = 1.0
hrd = 1.0
